2/60     11.58
10/60    4.82
30/60    4.37
40/60    4.54
50/60    4.8
1        5.03
1.5      5.8
2        5.62
2.5      5.65
3        5.74
3.5      5.65
4        5.9
4.5      5.64
5        5.97
5.5      5.86
6        5.97
6.5      6.07
7        5.84
7.5      5.91
8        5.9
8.5      5.79
9        5.74
9.5      5.72
10       5.7
10.5     5.58
11       5.63
11.5     5.68
12       5.6
12.5     5.69
13       5.75
13.5     5.75
14       5.69
14.5     5.8
15       5.72
15.5     5.76
16       5.77
16.5     5.66
17       5.66
17.5     5.67
18       5.8
18.5     5.8
19       5.81
