	Force(kN)	Displ1(mm)
0.380747	-0.002415
0.380169	-0.002928
0.381198	-0.003162
0.380466	-0.003217
0.420643	-0.002432
0.884471	0.003538
1.306152	0.009665
1.704992	0.014625
2.083572	0.021123
2.434626	0.026795
2.751466	0.032444
3.027382	0.038151
3.261748	0.045957
3.451199	0.053178
3.604916	0.062178
3.729167	0.071382
3.831332	0.081202
3.915556	0.090582
3.986652	0.10241
4.043809	0.113732
4.091464	0.125387
4.128804	0.136803
4.157851	0.149506
4.178605	0.161681
4.193024	0.175921
4.201963	0.188032
4.208297	0.202583
4.213569	0.216087
4.219487	0.229973
4.224446	0.243282
4.231281	0.258035
4.235886	0.27105
4.242491	0.285699
4.253431	0.298628
4.262141	0.313633
4.272268	0.326388
4.279915	0.341247
4.290438	0.353524
4.301669	0.368251
4.311067	0.381434
4.325528	0.394875
4.336696	0.40821
4.346636	0.422097
4.359784	0.434491
4.371244	0.447459
4.383121	0.460149
4.397645	0.473722
4.408397	0.4857
4.421399	0.498142
4.433985	0.510786
4.444779	0.522868
4.45951	0.535496
4.47145	0.548211
4.483744	0.560058
4.49808	0.572489
4.507332	0.584629
4.519521	0.596966
4.532274	0.609928
4.544089	0.620893
4.557841	0.63366
4.568594	0.644293
4.578532	0.657135
4.59341	0.668417
4.605079	0.681196
4.618082	0.69201
4.629167	0.705281
4.640085	0.71663
4.651192	0.728353
4.66134	0.739798
4.672987	0.752431
4.685531	0.763941
4.696158	0.775892
4.70691	0.786972
4.720058	0.799243
4.728164	0.810677
4.74	0.823786
4.752419	0.835768
4.762212	0.846757
4.772881	0.858289
4.781799	0.870588
4.791676	0.882043
4.803824	0.893236
4.812055	0.905211
4.823557	0.916403
4.834184	0.927815
4.842477	0.93973
4.852104	0.950747
4.862335	0.962312
4.870669	0.973548
4.880609	0.984165
4.890069	0.995922
4.899133	1.007043
4.908531	1.018126
4.918616	1.029039
4.926555	1.04045
4.937641	1.050689
4.944767	1.062544
4.952768	1.073243
4.962291	1.084397
4.971396	1.09508
4.979523	1.106229
4.988275	1.116561
4.994859	1.128038
5.004486	1.138041
5.011779	1.149091
5.020989	1.159851
5.029616	1.171186
5.038555	1.181677
5.04516	        1.192036
5.051932	1.202894
5.059476	1.212843
5.069519	1.223915
5.078437	1.234099
5.084251	1.244678
5.092773	1.255366
5.100733	1.265868
5.106984	1.276293
5.115986	1.287541
5.123133	1.298525
5.132134	1.308451
5.139219	1.318225
5.144907	1.329614
5.153076	1.340018
5.160806	1.350569
5.168183	1.360918
5.177518	1.371765
5.182581	1.382459
5.191104	1.392922
5.197167	1.403484
5.20444 	1.414682
5.213503	1.424921
5.220005	1.436042
5.227152	1.446774
5.233257	1.456855
5.239654	1.467532
5.246864	1.478379
5.255553	1.488448
5.260575	1.499274
5.266909	1.509288
5.274953	1.520217
5.280266	1.530446
5.287997	1.541167
5.294498	1.551773
5.302854	1.562456
5.306896	1.572382
5.313585	1.583843
5.320982	1.593764
5.327692	1.604107
5.332484	1.614889
5.341694	1.62641
5.345611	1.637498
5.352425	1.648455
5.35878	1.65836
5.365115	1.668823
5.371616	1.678761
5.378889	1.689279
5.384036	1.700675
5.389265	1.71093
5.394954	1.721777
5.401122	1.732274
5.407581	1.741883
5.414479	1.752105
5.418479	1.762865
5.426481	1.774205
5.431314	1.784329
5.438399	1.794727
5.444004	1.805081
5.447443	1.815676
5.451986	1.826184
5.459633	1.836483
5.465363	1.846881
5.471302	1.857126
5.477698	1.867907
5.483532	1.878415
5.488284	1.888758
5.493139	1.899857
5.497702	1.909783
5.506016	1.920631
5.511517	1.930536
5.516581	1.941525
5.520664	1.951529
5.525833	1.961981
5.531125	1.972226
5.538147	1.983763
5.543919	1.993361
5.549128	2.004044
5.554483	2.014311
5.55838	2.025344
5.564152	2.035698
5.568902	2.046863
5.576029	2.056855
5.58103	2.067385
5.583885	2.077838
5.58924	2.088225
5.593574	2.098414
5.59897	2.109185
5.606306	2.119846
5.60991	2.13031
5.613619	2.140061
5.618787	2.151281
5.6226	2.161963
5.629477	2.172131
5.634331	2.182639
5.639457	2.193047
5.64352	2.203676
5.647688	2.21369
5.65296	2.224515
5.657607	2.23453
5.660503	2.245837
5.667421	2.255337
5.671463	2.266184
5.675548	2.276121
5.679631	2.286596
5.685091	2.296972
5.689571	2.307874
5.695488	2.31802
5.698281	2.328122
5.702678	2.338509
5.707283	2.34952
5.711575	2.359075
5.716305	2.369462
5.72116	2.37963
5.725161	2.390882
5.729245	2.400754
5.733308	2.411415
5.737976	2.421178
5.741518	2.432561
5.74606	2.442204
5.749352	2.452744
5.755562	2.462923
5.758542	2.473222
5.764356	2.484211
5.767919	2.494336
5.772295	2.504755
5.776649	2.515832
5.780504	2.526088
5.784964	2.536596
5.787318	2.54695
5.792756	2.557413
5.79657	2.567976
5.800883	2.578396
5.803946	2.588848
5.808176	2.599717
5.813156	2.610115
5.818366	2.620173
5.822095	2.630999
5.825846	2.641254
5.829097	2.652408
5.83118	2.662959
5.837702	2.673752
5.841932	2.683985
5.844412	2.694964
5.84885	2.705252
5.851643	2.715913
5.855893	2.726454
5.860811	2.737509
5.863915	2.748027
5.868396	2.75894
5.871125	2.769284
5.874167	2.779342
5.87746	2.789762
5.882607	2.80131
5.885962	2.811839
5.889712	2.823048
5.892879	2.832964
5.8949	2.843866
5.898963	2.854143
5.904027	2.865056
5.906528	2.875925
5.911987	2.886312
5.914133	2.897072
5.916446	2.907393
5.921885	2.918196
5.923427	2.927991
5.926823	2.939156
5.931407	2.95054
5.934721	2.96027
5.93845	2.970591
5.941742	2.98135
5.945285	2.992176
5.949119	3.003396
5.950661	3.013169
5.954245	3.024224
5.958746	3.034841
5.960183	3.045798
5.964476	3.055736
5.967518	3.066758
5.970872	3.07766
5.975499	3.087773
5.97652	3.098511
5.980833	3.108953
5.984917	3.120161
5.987376	3.130143
5.991251	3.14087
5.99369	3.151629
5.99646	3.162662
6.00067	3.172688
6.002753	3.183338
6.007859	3.193911
6.009692	3.205142
6.010109	3.214784
6.01436	3.226036
6.017798	3.238012
6.021194	3.248486
6.02632	3.259443
6.027759	3.270356
6.030655	3.280743
6.033572	3.291678
6.036072	3.303051
6.03826	3.312868
6.043574	3.323847
6.045887	3.33476
6.047304	3.345015
6.050804	3.356081
6.052951	3.36706
6.057014	3.3776
6.060327	3.388732
6.062869	3.399273
6.065098	3.409112
6.067745	3.420025
6.069599	3.431398
6.073766	3.442267
6.076288	3.452566
6.079413	3.463479
6.082456	3.474633
6.084331	3.485831
6.085831	3.496349
6.090645	3.507131
6.093458	3.517627
6.095646	3.527642
6.097146	3.53873
6.100376	3.549577
6.104272	3.560709
6.105918	3.571205
6.109107	3.581659
6.112607	3.592155
6.11417	3.603637
6.115378	3.613784
6.118067	3.624104
6.120213	3.635368
6.125589	3.645777
6.12761	3.656405
6.127714	3.667384
6.135736	3.677902
6.136945	3.689122
6.13982	3.699268
6.142405	3.71051
6.145113	3.720239
6.148406	3.731919
6.149906	3.742021
6.151406	3.752759
6.155574	3.763057
6.157741	3.774497
6.159533	3.784884
6.162866	3.795709
6.164825	3.805701
6.166576	3.816505
6.169535	3.827944
6.171201	3.838484
6.175536	3.849353
6.174494	3.860003
6.176536	3.870456
6.179703	3.880097
6.183454	3.89169
6.187538	3.902515
6.189288	3.913143
6.190163	3.923661
6.191372	3.93453
6.193539	3.946211
6.196164	3.956466
6.199582	3.967664
6.202457	3.978269
6.204374	3.989029
6.205791	3.999548
6.206833	4.010679
6.210167	4.02065
6.213459	4.032242
6.215293	4.042958
6.215584	4.053476
6.218377	4.064609
6.221044	4.07482
6.223211	4.086149
6.226212	4.096777
6.228004	4.107932
6.229879	4.11891
6.231379	4.129845
6.233338	4.140517
6.236422	4.151517
6.237131	4.162496
6.241381	4.173146
6.243131	4.184146
6.243715	4.195213
6.246424	4.206038
6.24859	4.216535
6.248883	4.227754
6.2528	4.238645
6.254341	4.249777
6.2558	4.260186
6.258092	4.271515
6.260009	4.281201
6.262218	4.292837
6.265219	4.304144
6.265135	4.314444
6.269636	4.325992
6.27022	4.336949
6.271887	4.348234
6.274637	4.358665
6.276971	4.36949
6.276554	4.380666
6.279888	4.391294
6.280847	4.402426
6.283764	4.413339
6.286306	4.423923
6.288556	4.434617
6.290266	4.446209
6.290765	4.4571
6.293682	4.468386
6.295849	4.478904
6.296016	4.489751
6.298808	4.501519
6.30085	4.512103
6.301934	4.523651
6.303851	4.534126
6.306892	4.545345
6.308977	4.555952
6.309977	4.567522
6.311935	4.57872
6.312061	4.589852
6.314728	4.600326
6.316853	4.612313
6.319479	4.623445
6.320354	4.634731
6.321896	4.645688
6.324104	4.656688
6.324687	4.667754
6.327564	4.678492
6.330231	4.690106
6.330772	4.701545
6.331273	4.712392
6.335065	4.724093
6.334981	4.735773
6.337191	4.746708
6.339066	4.757687
6.340858	4.769476
6.344067	4.780937
6.344275	4.791806
6.346442	4.802719
6.346067	4.814596
6.348817	4.825333
6.351902	4.836246
6.352067	4.847576
6.353026	4.859037
6.355402	4.870102
6.356944	4.881629
6.357444	4.89252
6.36082	4.90374
6.361445	4.915091
6.36207	4.925894
6.363695	4.93753
6.365988	4.948641
6.367529	4.960035
6.369738	4.971934
6.371071	4.982321
6.37378	4.993497
6.372155	5.005265
6.374656	5.016331
6.376781	5.028186
6.377114	5.038223
6.379657	5.049333
6.380949	5.06121
6.382199	5.072933
6.384574	5.083539
6.385491	5.095702
6.387492	5.106987
6.388199	5.117812
6.38995	5.129865
6.390534	5.140996
6.393576	5.152063
6.394826	5.163633
6.396118	5.174831
6.397034	5.186051
6.397576	5.197752
6.401785	5.208862
6.402702	5.220389
6.404536	5.232288
6.40637	5.243201
6.406786	5.255122
6.406786	5.266801
6.407911	5.279446
6.411287	5.289438
6.412995	5.301491
6.413829	5.312644
6.414997	5.324456
6.415038	5.335456
6.415997	5.347553
6.418289	5.358663
6.420956	5.370474
6.421581	5.382483
6.422623	5.393703
6.422539	5.404637
6.424332	5.41612
6.42654	5.427844
6.42729	5.439326
6.429916	5.45151
6.431416	5.462861
6.432041	5.474717
6.432916	5.485498
6.433874	5.497309
6.433667	5.509317
6.437209	5.520801
6.437876	5.531582
6.439418	5.543152
6.44071	5.554481
6.44296	5.56695
6.443126	5.578192
6.444877	5.589849
6.446461	5.601595
6.445836	5.612486
6.447211	5.625174
6.450836	5.636679
6.452003	5.648512
6.451336	5.659709
6.452503	5.671455
6.454462	5.682982
6.455337	5.695188
6.455837	5.706297
6.457963	5.717846
6.459463	5.730074
6.458879	5.741337
6.460879	5.752688
6.459838	5.764412
6.462422	5.77607
6.465548	5.788342
6.464923	5.79978
6.467298	5.811548
6.466839	5.8236
6.469382	5.835104
6.470756	5.846938
6.47159	5.858245
6.472173	5.870605
6.472882	5.881868
6.472966	5.893877
6.474799	5.904614
6.477299	5.917609
6.477966	5.928873
6.480842	5.941056
6.480592	5.953328
6.480801	5.964854
6.48155	5.976425
6.483884	5.987995
6.484926	5.999981
6.48576	6.012144
6.484717	6.024065
6.487552	6.035898
6.487593	6.047249
6.49001	6.059345
6.49126	6.071901
6.492177	6.08299
6.491385	6.09548
6.493927	6.107401
6.492844	6.119344
6.49522	6.131418
6.497637	6.142397
6.496802	6.154208
6.497761	6.165976
6.49822	6.178773
6.499012	6.190431
6.501429	6.202199
6.501763	6.214076
6.502637	6.225602
6.50468	6.23772
6.504221	6.248918
6.506222	6.261759
6.50718	6.272913
6.509055	6.285229
6.510389	6.296886
6.509472	6.309005
6.510514	6.320553
6.511931	6.332803
6.511472	6.344789
6.51339	6.356907
6.514848	6.368587
6.51489	6.380224
6.516265	6.392298
6.517057	6.404701
6.518099	6.416424
6.519474	6.428258
6.519474	6.439653
6.520766	6.452954
6.520516	6.464569
6.521766	6.476621
6.523975	6.488103
6.523767	6.499936
6.524266	6.513698
6.5256	6.524304
6.525976	6.536445
6.527391	6.54876
6.529267	6.560681
6.529476	6.572645
6.530559	6.584391
6.530517	6.596443
6.531476	6.608977
6.531268	6.620898
6.53406	6.632819
6.53531	6.644608
6.535394	6.657231
6.536227	6.669064
6.53581	6.681687
6.537353	6.693432
6.538269	6.705879
6.540853	6.717887
6.541687	6.730247
6.54052	6.743176
6.542312	6.755359
6.54277	6.767193
6.544812	6.778938
6.545063	6.790772
6.545395	6.803832
6.546021	6.815972
6.547479	6.828287
6.547146	6.840296
6.549729	6.852655
6.549438	6.864839
6.550105	6.877374
6.550522	6.889251
6.552438	6.901742
6.551814	6.913487
6.552564	6.926197
6.552188	6.938512
6.554563	6.950521
6.557439	6.963844
6.554939	6.975064
6.556189	6.987072
6.556605	6.999476
6.557189	7.011746
6.559898	7.023755
6.559982	7.03607
6.559648	7.048211
6.56019	7.060482
6.560606	7.072578
6.562982	7.085245
6.563357	7.097253
6.562649	7.109218
6.562898	7.122278
6.564441	7.134462
6.565358	7.14612
6.565441	7.158698
6.566858	7.170751
6.567358	7.183329
6.569067	7.195601
6.567733	7.206689
6.570734	7.220626
6.571859	7.232546
6.571024	7.244643
6.571859	7.256783
6.571026	7.268836
6.572234	7.281633
6.572734	7.294474
6.573775	7.306658
6.575609	7.31928
6.576443	7.331244
6.57586	7.34391
6.575485	7.356709
6.579277	7.368322
6.578402	7.380813
6.579902	7.393698
6.578235	7.405663
6.580152	7.418811
6.580027	7.431213
6.581902	7.443879
6.582236	7.456195
6.582194	7.468773
6.582986	7.480519
6.58386	7.493229
6.583444	7.505982
6.586111	7.518474
6.585612	7.530788
6.587028	7.543673
6.587028	7.555638
6.586111	7.568874
6.586195	7.580884
6.587778	7.593417
6.588654	7.606171
6.591654	7.618355
6.589195	7.631503
6.589446	7.644782
6.591529	7.656352
6.591154	7.668799
6.590153	7.681816
6.593029	7.694175
6.592446	7.706008
6.591529	7.718937
6.593904	7.731297
6.594404	7.743481
6.594946	7.756103
6.594613	7.768418
6.59628	7.780865
6.596446	7.793705
6.596613	7.806327
6.598155	7.818118
6.599239	7.831222
6.599322	7.843493
6.598406	7.856115
6.59928	7.869132
6.599864	7.881929
6.600656	7.89407
6.601239	7.906648
6.600239	7.919313
6.602489	7.931103
6.601614	7.944777
6.602448	7.956567
6.602906	7.968706
6.603823	7.981679
6.604531	7.994433
6.60599	8.007187
6.605824	8.019721
6.607115	8.031686
6.606407	8.045053
6.606031	8.057807
6.608241	8.070341
6.60774	8.084103
6.606574	8.095235
6.608324	8.107858
6.609324	8.120917
6.611033	8.133759
6.611074	8.147081
6.610574	8.158389
6.610699	8.171668
6.612908	8.184335
6.613658	8.1963
6.613658	8.2105
6.614992	8.222858
6.613825	8.235217
6.613616	8.248279
6.614784	8.260637
6.615909	8.273391
6.616784	8.286189
6.615992	8.299118
6.616492	8.312309
6.616325	8.325326
6.615783	8.338211
6.616325	8.350701
6.617158	8.363323
6.618326	8.376078
6.61695	8.388481
6.618367	8.40176
6.619076	8.41425
6.619325	8.427312
6.619826	8.439889
6.619784	8.453037
6.620701	8.465703
6.621576	8.478632
6.621576	8.490948
6.622326	8.50414
6.622034	8.515929
6.624327	8.529296
6.623326	8.54275
6.622952	8.555111
6.62441	8.567995
6.623785	8.580574
6.624493	8.593371
6.625077	8.60665
6.622827	8.619317
6.625743	8.632289
6.625452	8.645482
6.627244	8.65806
6.626702	8.671033
6.62766	8.683479
6.626369	8.696321
6.626619	8.709469
6.626702	8.72152
6.629286	8.735414
6.628994	8.748212
6.62937	8.761315
6.628494	8.773456
6.630078	8.78713
6.628745	8.800322
6.630411	8.813558
6.631412	8.825741
6.63162	8.838583
6.631661	8.852081
6.630286	8.864441
6.630161	8.878115
6.632329	8.890824
6.633829	8.904279
6.633453	8.916989
6.633162	8.929567
6.63237	8.942496
6.63437	8.956521
6.634079	8.969318
6.635537	8.983475
6.63462	8.995833
6.635454	9.008499
6.637579	9.021121
6.635537	9.034401
6.636787	9.047593
6.636954	9.061091
6.635412	9.07402
6.636704	9.086379
6.636579	9.100492
6.636329	9.113246
6.636204	9.126657
6.637621	9.139411
6.639913	9.152251
6.639996	9.165707
6.637204	9.178547
6.637871	9.191345
6.638704	9.205544
6.639496	9.21786
6.639955	9.231666
6.640288	9.244287
6.638704	9.257611
6.640288	9.270979
6.640038	9.283382
6.641371	9.296661
6.641497	9.309503
6.642122	9.322606
6.642372	9.335974
6.64108	9.349516
6.641705	9.362664
6.641997	9.3759
6.642705	9.388654
6.641829	9.40167
6.643163	9.414774
6.642204	9.427835
6.642955	9.441947
6.642997	9.454219
6.643289	9.467542
6.642913	9.480908
6.644289	9.494013
6.643163	9.50725
6.644289	9.520617
6.645164	9.533063
6.644622	9.546342
6.646581	9.558922
6.644039	9.572902
6.645373	9.586489
6.646372	9.599987
6.645997	9.613354
6.646914	9.626196
6.644455	9.639737
6.645164	9.652885
6.644164	9.666385
6.645497	9.679796
6.647789	9.693294
6.647581	9.706048
6.646831	9.71981
6.647331	9.732914
6.648164	9.746193
6.646956	9.759518
6.64829	9.773541
6.647706	9.787085
6.646873	9.79953
6.647498	9.813029
6.648581	9.826572
6.64829	9.840377
6.649748	9.85357
6.648039	9.8672
6.649872	9.881224
6.648873	9.894941
6.649831	9.908265
6.648915	9.921193
6.648623	9.935263
6.649165	9.940521
6.648956	9.954853
6.648831	9.967563
6.648331	9.974049
6.648789	9.989125
6.65004	10.00258
6.649415	10.015203
6.650123	10.02949
6.648415	10.042727
6.651123	10.056137
6.650082	10.069505
6.650498	10.083002
6.65129	10.096633
6.648747	10.111973
6.652915	10.124858
6.650415	10.1384
6.651457	10.15203
6.652207	10.165792
6.651165	10.180035
6.651373	10.192745
6.651582	10.206901
6.651123	10.219918
6.651331	10.233811
6.651331	10.247441
6.65179	10.261509
6.651582	10.274439
6.651874	10.288857
6.650915	10.30183
6.652582	10.314979
6.652707	10.330274
6.65204	10.343466
6.651206	10.357359
6.651123	10.371208
6.653248	10.383611
6.652957	10.397811
6.65179	10.411967
6.65329	10.424502
6.652915	10.438964
6.650915	10.453252
6.651165	10.466049
6.651707	10.480513
6.652915	10.49502
6.653499	10.507948
6.653749	10.521666
6.653332	10.535735
6.654499	10.550898
6.652124	10.564528
6.652957	10.578159
6.653916	10.592316
6.652915	10.606076
6.652915	10.619532
6.652457	10.634038
6.653374	10.647581
6.653749	10.66235
6.653874	10.676024
6.65204	10.689654
6.653165	10.703328
6.652165	10.717748
6.65129	10.731904
6.653165	10.745622
6.652665	10.759252
6.65404	10.773407
6.653999	10.787213
6.651457	10.801238
6.652874	10.814824
6.65229	10.829155
6.653416	10.842435
6.653957	10.857073
6.651957	10.870265
6.652999	10.885035
6.653582	10.899849
6.652915	10.914398
6.652791	10.928117
6.651874	10.941791
6.652457	10.955596
6.65254	10.96984
6.652582	10.983207
6.653957	10.996181
6.652749	11.011869
6.653123	11.025719
6.652249	11.0397
6.65204	11.053199
6.652249	11.067705
6.652249	11.081073
6.653457	11.095009
6.652665	11.109077
6.651457	11.123364
6.651915	11.136995
6.652165	11.150976
6.652791	11.165877
6.652207	11.178894
6.651749	11.193007
6.652207	11.207162
6.650831	11.221318
6.652124	11.236439
6.65204	11.250113
6.651874	11.264619
6.65204	11.278995
6.652457	11.293195
6.651373	11.307087
6.65229	11.32177
6.652207	11.335837
6.652124	11.350564
6.652124	11.363755
6.651081	11.378876
6.65154	11.392769
6.651749	11.406925
6.65179	11.4213
6.651707	11.435105
6.652165	11.451366
6.650665	11.464952
6.651081	11.479196
6.650999	11.493089
6.65129	11.507595
6.652207	11.521751
6.650707	11.536389
6.651373	11.550108
6.650457	11.565009
6.650123	11.579691
6.649872	11.593451
6.651081	11.607477
6.651331	11.622422
6.650498	11.635745
6.650332	11.650909
6.649872	11.66546
6.649289	11.679572
6.64904	11.693377
6.649956	11.708454
6.649081	11.721996
6.649539	11.736941
6.648956	11.750748
6.648831	11.765035
6.650539	11.779453
6.648081	11.794092
6.648873	11.808862
6.648248	11.82328
6.647623	11.837261
6.648623	11.851724
6.65004	11.866625
6.646414	11.880167
6.647331	11.894543
6.647123	11.909883
6.646705	11.924039
6.648206	11.93894
6.646747	11.952745
6.646956	11.967954
6.645956	11.982678
6.645914	11.996134
6.646665	12.011123
6.646747	12.024796
6.648081	12.040136
6.647081	12.054774
6.645831	12.069543
6.644705	12.083481
6.646414	12.098031
6.646789	12.112713
6.64633	12.127789
6.645331	12.142296
6.643747	12.157065
6.644622	12.17153
6.644872	12.185861
6.645289	12.20041
6.645205	12.215531
6.645039	12.229994
6.643914	12.244807
6.643789	12.259884
6.64383	12.274346
6.64458	12.289028
6.643914	12.303842
6.642122	12.318568
6.643205	12.332943
6.644122	12.348808
6.643373	12.36314
6.642872	12.37848
6.642705	12.393381
6.643455	12.407887
6.641997	12.422438
6.642747	12.437602
6.642122	12.452196
6.643038	12.466616
6.641997	12.482174
6.641829	12.497031
6.642663	12.511362
6.641163	12.526133
6.640747	12.541428
6.641455	12.556066
6.641288	12.572413
6.640079	12.585299
6.639329	12.60033
6.641621	12.615232
6.639663	12.63009
6.639329	12.644508
6.639996	12.659453
6.639871	12.674355
6.638371	12.689431
6.63833	12.704113
6.638205	12.719191
6.637912	12.733433
6.636954	12.748552
6.636954	12.762973
6.636496	12.77818
6.634995	12.792687
6.63687	12.808464
6.636246	12.823672
6.636496	12.837829
6.635412	12.853518
6.635579	12.867192
6.633787	12.882971
6.635995	12.894585
6.634912	12.909662
6.634828	12.923774
6.633871	12.939025
6.63487	12.953051
6.633162	12.968214
6.633662	12.983466
6.633912	12.998104
6.632786	13.013092
6.633912	13.029923
6.630537	13.044824
6.631953	13.058935
6.631536	13.074712
6.633245	13.089877
6.633078	13.106006
6.630327	13.119416
6.630827	13.134932
6.631203	13.150534
6.630785	13.165786
6.631661	13.180861
6.631412	13.196114
6.629328	13.211277
6.629911	13.226267
6.629869	13.242483
6.629203	13.257209
6.62937	13.272986
6.629452	13.287887
6.628411	13.303489
6.627244	13.318741
6.626077	13.333028
6.627035	13.348193
6.627952	13.36327
6.627786	13.378784
6.62691	13.394124
6.625743	13.409024
6.625452	13.424188
6.624368	13.439265
6.625035	13.454165
6.624535	13.471346
6.623451	13.486248
6.623368	13.501588
6.623702	13.516048
6.623535	13.531827
6.62491	13.547781
6.622993	13.562069
6.621284	13.577408
6.622326	13.592397
6.621785	13.608962
6.622868	13.623776
6.621743	13.639816
6.620993	13.654631
6.620368	13.669531
6.620576	13.684871
6.619201	13.700998
6.617826	13.716076
6.61895	13.730713
6.618618	13.746491
6.617867	13.762007
6.617451	13.777521
6.616659	13.792422
6.617451	13.808023
6.61695	13.823627
6.615283	13.838264
6.617533	13.853955
6.614909	13.870084
6.615283	13.884984
6.614616	13.900675
6.614908	13.920046
6.616034	13.93258
6.614867	13.948797
6.613825	13.96396
6.613283	13.979299
6.613533	13.995778
6.613783	14.010505
6.612658	14.025844
6.611033	14.041357
6.611699	14.057223
6.612741	14.073615
6.610324	14.089394
6.610366	14.104646
6.610449	14.12016
6.607282	14.13585
6.608032	14.151452
6.608449	14.166704
6.607532	14.18327
6.608366	14.200101
6.60674	14.214125
6.606865	14.229288
6.606198	14.246556
6.605906	14.261281
6.60474	14.277235
6.606115	14.29389
6.60574	14.308702
6.604573	14.324304
6.603656	14.340522
6.602822	14.356123
6.603406	14.371638
6.601614	14.388467
6.601572	14.40407
6.602489	14.419058
6.600447	14.434924
6.600238	14.451053
6.598822	14.465515
6.599447	14.481468
6.59778	14.497772
6.598614	14.513287
6.598864	14.5288
6.595946	14.544315
6.596406	14.560619
6.59678	14.576748
6.596654	14.593227
6.595905	14.608391
6.595822	14.624958
6.593362	14.638894
6.59203	14.655547
6.593029	14.671152
6.593112	14.686929
6.592488	14.70446
6.59082	14.718571
6.590279	14.734086
6.591404	14.74969
6.59057	14.765817
6.590195	14.782296
6.588903	14.797547
6.587362	14.816918
6.587737	14.830856
6.588903	14.847071
6.587278	14.862148
6.586528	14.878365
6.585736	14.894754
6.583902	14.910182
6.582777	14.927889
6.58532	14.942528
6.583027	14.958304
6.583944	14.974696
6.582861	14.989947
6.581944	15.006251
6.581485	15.023254
6.581111	15.041136
6.580819	15.055249
6.580402	15.071379
6.578818	15.087068
6.57861	15.103109
6.577235	15.119412
6.57636	15.13554
6.57636	15.154035
6.574984	15.16771
6.575192	15.184277
6.573984	15.199879
6.573942	15.21627
6.573609	15.231784
6.572025	15.248175
6.5719	15.266758
6.571942	15.281483
6.569191	15.297349
6.569108	15.313916
6.56915	15.329869
6.566441	15.345821
6.566899	15.3616
6.566732	15.378167
6.564357	15.39333
6.565232	15.409459
6.563316	15.426025
6.563607	15.441364
6.564066	15.457493
6.561357	15.473533
6.561648	15.490975
6.559273	15.506053
6.558606	15.521917
6.560731	15.537871
6.55769	15.555226
6.556231	15.569778
6.556564	15.586519
6.555481	15.603611
6.554897	15.619038
6.555481	15.635078
6.553147	15.650945
6.552896	15.667249
6.550855	15.683376
6.549729	15.699329
6.550313	15.716948
6.550688	15.733338
6.548896	15.748766
6.547563	15.765333
6.546271	15.781549
6.54402	15.798027
6.547229	15.813718
6.543811	15.830373
6.545437	15.846412
6.542103	15.861927
6.54127	15.878407
6.539728	15.894359
6.54102	15.911715
6.539228	15.92723
6.538519	15.944147
6.534643	15.960976
6.534935	15.976929
6.533185	15.994458
6.53306	16.010324
6.532893	16.025928
6.531268	16.042933
6.529726	16.058096
6.528392	16.075802
6.527433	16.091843
6.527391	16.108849
6.527059	16.124802
6.5256	16.141018
6.523975	16.161703
6.522017	16.175289
6.520391	16.191154
6.519891	16.208422
6.519641	16.224552
6.516598	16.240767
6.515931	16.257071
6.515182	16.275389
6.512806	16.290291
6.511931	16.305456
6.509389	16.322197
6.509389	16.33885
6.507389	16.354979
6.50468	16.37137
6.505555	16.388903
6.503762	16.404154
6.501345	16.420195
6.501846	16.436058
6.500637	16.453152
6.498428	16.469017
6.49697	16.486635
6.495428	16.501535
6.495678	16.518717
6.49326	16.534758
6.48951	16.55036
6.489718	16.567188
6.487384	16.583668
6.48526	16.599884
6.484634	16.617153
6.483425	16.633631
6.480383	16.649584
6.479217	16.667377
6.476966	16.682543
6.476883	16.698406
6.473965	16.715673
6.472299	16.732153
6.470756	16.747404
6.468131	16.764673
6.466964	16.780977
6.465464	16.797543
6.461838	16.813496
6.461672	16.831026
6.457963	16.847681
6.456337	16.863283
6.456004	16.879763
6.45317	16.896591
6.45192	16.912983
6.449628	16.929811
6.445627	16.945591
6.443668	16.962156
6.441335	16.978809
6.440459	16.995028
6.438168	17.012383
6.435542	17.029125
6.433	17.044813
6.429582	17.062782
6.427749	17.078386
6.426665	17.095654
6.423914	17.112309
6.422873	17.129225
6.418247	17.14588
6.415872	17.162094
6.412329	17.178486
6.410204	17.194965
6.408204	17.211794
6.405078	17.2288
6.401577	17.244577
6.400119	17.26088
6.396369	17.277622
6.393618	17.294277
6.389783	17.310579
6.387033	17.326796
6.384657	17.343275
6.381323	17.359842
6.378573	17.375795
6.375865	17.392536
6.371488	17.409367
6.368779	17.426634
6.365779	17.44171
6.361403	17.458014
6.358861	17.474669
6.356778	17.490358
6.352318	17.510344
6.350067	17.525068
6.343942	17.541636
6.342525	17.55794
6.338065	17.574505
6.334607	17.590984
6.331106	17.608252
6.326938	17.623592
6.323521	17.639809
6.319479	17.656113
6.313561	17.672327
6.311769	17.688807
6.309102	17.705986
6.304226	17.721239
6.299684	17.738943
6.296558	17.75551
6.291932	17.771902
6.287681	17.79031
6.283222	17.80591
6.278763	17.821339
6.275179	17.839045
6.27072	17.855261
6.267303	17.871126
6.262844	17.88813
6.256842	17.905224
6.252841	17.920738
6.248382	17.939146
6.243006	17.959131
6.237964	17.972366
6.233672	17.988495
6.228337	18.004534
6.223877	18.022591
6.220085	18.038895
6.214084	18.055813
6.206249	18.072029
6.201748	18.089033
6.19754	18.10446
6.193539	18.121992
6.188413	18.138296
6.18087	18.155563
6.174994	18.171865
6.170743	18.189659
6.163033	18.206051
6.157782	18.222353
6.152656	18.23892
6.146863	18.255224
6.140363	18.27223
6.134944	18.289059
6.127902	18.305014
6.122818	18.322279
6.116899	18.338058
6.109523	18.35515
6.102605	18.371542
6.097729	18.388458
6.089894	18.407393
6.083643	18.422819
6.07585	18.439299
6.070433	18.455425
6.061473	18.472958
6.054304	18.489523
6.048429	18.50609
6.040135	18.522921
6.033676	18.540451
6.024133	18.556404
6.016798	18.573408
6.00888	18.589537
6.002628	18.60619
5.99396	18.623196
5.984917	18.640024
5.977374	18.656679
5.968539	18.672895
5.960829	18.689724
5.952494	18.706993
5.942867	18.723558
5.933407	18.741003
5.923281	18.757307
5.914612	18.77396
5.905194	18.791052
5.895525	18.808058
5.886565	18.82366
5.876564	18.840752
5.864645	18.859159
5.854434	18.875725
5.844182	18.892117
5.83364	18.910173
5.822762	18.926741
5.809801	18.943218
5.798132	18.961275
5.786922	18.978193
5.775087	18.994234
5.763209	19.011238
5.744581	19.027893
5.732454	19.044373
5.720201	19.06164
5.704844	19.081099
5.692196	19.096264
5.677902	19.113005
5.664795	19.129747
5.648834	19.147629
5.632331	19.164896
5.616391	19.181549
5.600867	19.197504
5.583634	19.214508
5.567403	19.2309
5.552191	19.249043
5.532875	19.265083
5.514413	19.282438
5.493701	19.303038
5.475469	19.317238
5.459341	19.334244
5.437128	19.351423
5.416249	19.368078
5.394996	19.385344
5.372783	19.402525
5.350967	19.419617
5.327546	19.43671
5.301312	19.454153
5.27662	19.471508
5.251136	19.488775
5.224943	19.506395
5.196959	19.524452
5.167704	19.542068
5.136177	19.558811
5.105713	19.576868
5.071832	19.595188
5.039972	19.613506
5.003861	19.630863
4.965979	19.648832
4.926388	19.667238
4.883881	19.685032
4.840122	19.702826
4.791842	19.722286
4.743042	19.740517
4.685406	19.759802
4.541692	19.782066
3.873132	19.822386
3.728646	19.845352
3.590371	19.868931
3.471786	19.891193
3.383145	19.912495
3.29863	19.933882
3.207654	19.955708
3.122076	19.977884
3.016911	19.99892
2.929895	20.020397
2.85385	20.04126
2.76824	20.062647
2.68063	20.083681
2.584164	20.105158
2.48449	20.12558
2.396088	20.147055
2.307165	20.166342
2.207314	20.189043
2.091594	20.213146
1.947182	20.236111
1.480357	20.256624
1.446184	20.274416
1.401613	20.292736
1.364132	20.311319
1.321921	20.329552
1.271563	20.3498
1.231243	20.368732
1.198888	20.386526
1.161449	20.405197
1.112221	20.425007
1.069322	20.442274
1.0155	20.45928
0.961782	20.477772
0.920441	20.495304
0.875115	20.511957
0.826356	20.529139
0.782702	20.546757
0.743637	20.563324
0.689481	20.581644
0.651193	20.596457
0.606458	20.61425
0.563039	20.629765
0.525584	20.651241
0.488572	20.66325
0.456173	20.679377
0.431897	20.694103
0.408057	20.709179
	
	
	
	
	
	
	
	
	
	
	
	
	
	
	
	
	
	
	
	
	
	
	
	
	
	
	
	
	
	
	
	
	
	
	
	
	
	
	
	
	
	
	
	
	
	
	
	
	
	
	
	
	
	
	
	
	
	
	
	
	
	
	
	
	
	
	
	
	
	
	
	
	
	
	
	
	
	
	
	
	
	
	
	
	
	
	
	
	
	
	
	
	
	
	
	
	
	
	
	
	
	
	
	
	
	
	
	
	
	
	
	
	
	
	
	
	
	
	
	
	
	
	
	
	
	
	
	
	
	
	
	
	
	
	
	
	
	
	
	
	
	
	
	
	
	
	
	
	
	
	
	
	
	
	
	
	
	
	
	
	
	
	
	
	
	
	
	
	
	
	
	
	
	
	
	
	
	
	
	
	
	
	
	
	
	
	
	
	
	
	
	
	
	
	
	
	
	
	
	
	
	
	
	
	
	
	
	
	
	
	
	
	
	
	
	
	
	
	
	
	
	
	
	
	
	
	
	
	
	
	
	
	
	
	
	
	
	
	
	
	
	
	
	
	
	
	
	
	
	
	
	
	
	
	
	
	
	
	
	
	
	
	
	
	
	
	
	
	
	
	
	